24.828371047973633
25.90558624267578
23.5859375
24.006620407104492
24.978797912597656
24.070981979370117
25.504859924316406
23.981952667236328
25.61761474609375
24.239479064941406
24.21636390686035
23.617284774780273
26.407508850097656
25.173660278320313
25.84581184387207
24.053348541259766
24.240131378173828
23.671340942382813
24.804855346679688
24.93316078186035
23.45758819580078
24.59425926208496
23.569116592407227
23.968017578125
25.223276138305664
23.528640747070313
23.143327713012695
24.556730270385742
24.735143661499023
24.80428695678711
24.184162139892578
24.137168884277344
25.388025283813477
25.23454475402832
23.85399055480957
26.062862396240234
23.8515625
23.871702194213867
24.420164108276367
25.270084381103516
25.208850860595703
23.777063369750977
24.53520965576172
26.49917984008789
24.16900062561035
24.322595596313477
25.83316993713379
25.576175689697266
25.45100212097168
25.091154098510742
23.967212677001953
23.32341957092285
24.245317459106445
23.543100357055664
25.451759338378906
23.20751190185547
24.10682487487793
23.610246658325195
23.08359718322754
24.125215530395508
23.50178337097168
24.856090545654297
24.419498443603516
23.458677291870117
23.09563636779785
23.367778778076172
23.837711334228516
24.681310653686523
24.28307342529297
23.802398681640625
25.32526397705078
23.259456634521484
24.434640884399414
22.83692169189453
24.01951026916504
24.830774307250977
23.36004066467285
23.594221115112305
24.594499588012695
23.089065551757813
25.443622589111328
24.170011520385742
26.12679100036621
23.255046844482422
23.52571678161621
24.631458282470703
24.183076858520508
25.633333206176758
24.39822006225586
23.0891170501709
23.44837188720703
26.765119552612305
24.16148567199707
24.696029663085938
23.782636642456055
24.282649993896484
24.49750518798828
24.526046752929688
23.900094985961914
24.782878875732422
25.220300674438477
25.210187911987305
24.125438690185547
23.423236846923828
23.754520416259766
24.057283401489258
23.850698471069336
23.080968856811523
25.11650276184082
25.69768524169922
24.372098922729492
25.493547439575195
24.25975799560547
24.166425704956055
25.159286499023438
24.530332565307617
24.031295776367188
23.572107315063477
23.723669052124023
23.95936393737793
24.740100860595703
25.360687255859375
25.386289596557617
23.87797737121582
24.056926727294922
24.09248161315918
23.36275863647461
23.572023391723633
27.05108070373535
24.41837501525879
24.29757308959961
23.53310775756836
23.594697952270508
24.251750946044922
24.583845138549805
25.449199676513672
23.305828094482422
23.987207412719727
23.497060775756836
23.381175994873047
25.49566650390625
23.341217041015625
23.76082992553711
24.13007926940918
23.804153442382813
24.13239860534668
23.98853874206543
24.74243927001953
25.60259437561035
25.392196655273438
24.198265075683594
24.054176330566406
23.19336700439453
24.608699798583984
24.47662925720215
24.433717727661133
25.286745071411133
23.749984741210938
23.853248596191406
24.299259185791016
27.320966720581055
24.69884490966797
23.22142219543457
24.23624038696289
25.51557731628418
28.708948135375977
23.24011993408203
23.772804260253906
25.109766006469727
26.174833297729492
24.747661590576172
25.14339256286621
24.134044647216797
23.562458038330078
24.44158363342285
24.851682662963867
24.066354751586914
24.60866928100586
23.561538696289063
24.137605667114258
24.53972816467285
24.721012115478516
24.167430877685547
23.61264419555664
24.974817276000977
23.669322967529297
23.47952651977539
24.297134399414063
23.264148712158203
24.181427001953125
24.57874298095703
23.254301071166992
23.245576858520508
23.412784576416016
24.392032623291016
24.489147186279297
24.413883209228516
23.9532413482666
22.996212005615234
26.097429275512695
25.09278106689453
24.026622772216797
24.02381134033203
24.614511489868164
23.347328186035156
24.401134490966797
25.584856033325195
23.724828720092773
24.69981575012207
24.245548248291016
23.603395462036133
25.079423904418945
23.92246437072754
26.38736343383789
23.14555549621582
24.482585906982422
24.94952964782715
23.513214111328125
23.58908462524414
23.951435089111328
23.88637924194336
23.579689025878906
23.926822662353516
24.581274032592773
23.54561996459961
24.22890853881836
23.511629104614258
23.142414093017578
23.98722267150879
25.519628524780273
24.04289436340332
23.274599075317383
25.32274055480957
24.155139923095703
23.74518585205078
24.402482986450195
24.194028854370117
24.456623077392578
25.044301986694336
23.990108489990234
24.436925888061523
24.6243839263916
24.9704647064209
23.83039093017578
24.323566436767578
24.42681121826172
24.488014221191406
23.49869155883789
24.397592544555664
23.912078857421875
24.217838287353516
23.159034729003906
25.793418884277344
23.59996223449707
23.290283203125
25.038293838500977
24.7905216217041
24.847583770751953
23.348407745361328
23.67940902709961
24.647642135620117
24.652164459228516
26.013166427612305
24.94991683959961
24.579816818237305
24.64455223083496
27.281816482543945
23.339059829711914
23.8466854095459
23.417781829833984
26.24489402770996
23.85338020324707
23.317272186279297
25.408048629760742
25.38441276550293
24.273874282836914
23.46262550354004
24.57426643371582
25.162975311279297
24.459123611450195
24.530900955200195
24.144378662109375
24.21208381652832
24.651823043823242
25.183490753173828
23.680015563964844
24.458982467651367
24.33185386657715
23.964672088623047
23.45597267150879
23.776622772216797
23.9133358001709
23.958629608154297
24.304290771484375
24.983583450317383
25.25957489013672
25.032432556152344
24.315704345703125
24.451251983642578
25.54706573486328
23.351890563964844
25.17475700378418
25.630413055419922
23.127836227416992
23.429594039916992
23.7622013092041
23.152997970581055
24.452434539794922
23.530750274658203
24.39040184020996
24.123123168945313
24.475074768066406
24.603961944580078
24.12712287902832
23.13422203063965
24.063400268554688
24.019752502441406
24.780906677246094
23.565031051635742
23.457124710083008
24.610767364501953
23.98579978942871
26.70207405090332
25.140483856201172
24.278223037719727
23.318458557128906
24.08128547668457
26.01804542541504
24.180673599243164
23.352336883544922
24.43456268310547
24.567283630371094
23.8503360748291
23.999595642089844
23.850126266479492
23.444353103637695
25.28029441833496
23.614376068115234
24.85792350769043
23.36178207397461
24.06184959411621
24.01881217956543
24.618276596069336
23.570926666259766
23.693897247314453
23.19025230407715
24.36168098449707
25.611888885498047
23.521831512451172
24.369905471801758
24.962865829467773
23.318058013916016
23.559022903442383
23.978158950805664
24.045923233032227
23.50186538696289
24.330556869506836
25.963951110839844
24.334854125976563
23.559724807739258
24.10140037536621
24.31420135498047
23.017154693603516
24.645320892333984
25.858549118041992
23.72739601135254
24.459875106811523
24.23760986328125
25.102237701416016
23.89293670654297
22.897451400756836
24.106178283691406
25.498517990112305
23.64865493774414
23.68401336669922
23.85124969482422
23.63954734802246
25.023983001708984
24.328786849975586
25.65471076965332
24.89777183532715
24.48174285888672
24.486379623413086
24.659067153930664
26.07867431640625
24.6196346282959
23.700496673583984
25.18271255493164
24.355506896972656
24.25128936767578
24.321308135986328
24.044116973876953
23.272132873535156
24.37385368347168
24.806331634521484
23.675559997558594
24.153614044189453
24.77840232849121
23.49365234375
24.402921676635742
23.220216751098633
23.984148025512695
23.571382522583008
24.426565170288086
24.557313919067383
24.354015350341797
24.752819061279297
25.707307815551758
23.44382667541504
25.567813873291016
25.334360122680664
23.88161277770996
23.991559982299805
24.287826538085938
24.537273406982422
24.337810516357422
24.34108543395996
25.089324951171875
24.968338012695313
23.80298614501953
23.67053985595703
24.41910171508789
24.26530647277832
25.689186096191406
23.5910701751709
25.293350219726563
24.212480545043945
24.018409729003906
24.113500595092773
23.725786209106445
24.849336624145508
23.553760528564453
23.702516555786133
27.3158016204834
25.04141616821289
25.086036682128906
24.269611358642578
24.29283332824707
24.119342803955078
24.446243286132813
23.460010528564453
23.64405632019043
24.830066680908203
24.447172164916992
23.169147491455078
25.978940963745117
26.11165428161621
25.682497024536133
23.83971405029297
25.984609603881836
24.12544822692871
23.817882537841797
24.135929107666016
24.297101974487305
24.528766632080078
24.26850700378418
24.381223678588867
23.20189094543457
24.78211784362793
23.303964614868164
24.058269500732422
24.229961395263672
24.369033813476563
24.994691848754883
25.235210418701172
24.607101440429688
24.089202880859375
25.696123123168945
25.43610382080078
23.967920303344727
24.008859634399414
23.892192840576172
24.209508895874023
24.614723205566406
23.98328971862793
26.46660041809082
23.371826171875
23.493961334228516
23.610124588012695
24.051651000976563
23.90045166015625
23.617971420288086
24.305891036987305
24.39458465576172
24.13690948486328
24.382478713989258
24.492624282836914
24.169479370117188
23.778026580810547
23.43222999572754
24.450119018554688
23.886554718017578
23.994314193725586
25.055831909179688
25.23238754272461
24.264692306518555
23.812744140625
26.28594970703125
25.315643310546875
24.130332946777344
24.802379608154297
25.13294792175293
25.688915252685547
24.76726722717285
23.711517333984375
24.101669311523438
24.722272872924805
23.858932495117188
25.112947463989258
24.317108154296875
23.38436508178711
24.270299911499023
24.412015914916992
24.654865264892578
25.001136779785156
26.206539154052734
25.638229370117188
23.91035270690918
24.713233947753906
25.340450286865234
25.57381820678711
24.23594093322754
25.2308292388916
24.866287231445313
24.322364807128906
23.949378967285156
25.068666458129883
24.30384063720703
24.317007064819336
24.872331619262695
23.37723731994629
23.23408317565918
24.845232009887695
24.093994140625
23.141098022460938
24.053791046142578
23.905263900756836
26.530738830566406
23.54058265686035
25.088590621948242
23.33030128479004
24.201675415039063
23.785980224609375
23.58443832397461
24.60041618347168
23.539173126220703
25.261560440063477
24.72906494140625
24.232458114624023
23.760292053222656
23.569580078125
23.992300033569336
23.431570053100586
27.05682373046875
24.209360122680664
23.720396041870117
24.07146453857422
23.53812599182129
24.584627151489258
25.16792869567871
25.535049438476563
23.489675521850586
23.937524795532227
24.37640380859375
24.350706100463867
25.401477813720703
25.349363327026367
23.781349182128906
24.61041259765625
24.391460418701172
25.302947998046875
25.906295776367188
24.180349349975586
23.886314392089844
23.322847366333008
23.238691329956055
24.613298416137695
23.657726287841797
24.420759201049805
23.837615966796875
24.49875831604004
23.65746307373047
23.956985473632813
25.098106384277344
24.092374801635742
25.277271270751953
24.265302658081055
24.04941749572754
25.278182983398438
23.982830047607422
26.301250457763672
23.946701049804688
23.913711547851563
24.15547752380371
25.034711837768555
23.81182289123535
26.24312973022461
24.983774185180664
23.03862953186035
23.56724739074707
25.101139068603516
24.147216796875
25.59881019592285
23.47690773010254
23.895097732543945
24.056171417236328
24.11279296875
24.038068771362305
24.64482879638672
24.56084442138672
25.135345458984375
23.326982498168945
23.938961029052734
23.919979095458984
24.365463256835938
24.371116638183594
25.012115478515625
24.678041458129883
23.771900177001953
24.0142879486084
25.55255889892578
24.792659759521484
24.347455978393555
24.87026023864746
23.11138343811035
24.108936309814453
23.89063835144043
24.65561294555664
25.17504119873047
24.398767471313477
23.567092895507813
23.765872955322266
23.45991325378418
24.55491065979004
25.3757381439209
24.62444496154785
23.959104537963867
22.97537612915039
23.44671630859375
24.564064025878906
24.066925048828125
23.46881675720215
23.81500244140625
24.385082244873047
25.413969039916992
24.079679489135742
24.205013275146484
24.901748657226563
23.81533432006836
24.98811149597168
23.555206298828125
25.51974105834961
24.00815773010254
24.0980224609375
24.203508377075195
23.886991500854492
23.456254959106445
25.04070281982422
23.87517547607422
24.792285919189453
24.561203002929688
23.94241714477539
23.147140502929688
24.181838989257813
23.490982055664063
25.071395874023438
24.713815689086914
23.471967697143555
24.182512283325195
23.920257568359375
24.512723922729492
23.672496795654297
24.505001068115234
25.940031051635742
25.19243049621582
25.039880752563477
25.736398696899414
24.344839096069336
27.599964141845703
23.333030700683594
25.2416934967041
24.36371421813965
24.411884307861328
25.383773803710938
23.829879760742188
24.163652420043945
23.974355697631836
23.518112182617188
23.833227157592773
25.169395446777344
24.362377166748047
23.96355438232422
23.739938735961914
23.679861068725586
23.787452697753906
25.056987762451172
24.6204891204834
24.05475425720215
23.374340057373047
23.59220314025879
23.887676239013672
23.675689697265625
24.461450576782227
23.53257942199707
24.43626594543457
24.7905330657959
24.577028274536133
23.934221267700195
24.435657501220703
23.173974990844727
24.11849021911621
23.548974990844727
24.987443923950195
26.160598754882813
26.157060623168945
23.60232162475586
24.98348045349121
25.404155731201172
24.797239303588867
23.568655014038086
23.510883331298828
23.349842071533203
23.940719604492188
25.36553382873535
24.92271614074707
24.598447799682617
24.454309463500977
23.508222579956055
23.36116600036621
23.56211280822754
23.87523651123047
23.722192764282227
26.662609100341797
24.658641815185547
23.109037399291992
24.226646423339844
24.46461296081543
23.73775291442871
25.376371383666992
23.679351806640625
24.121593475341797
25.5649471282959
23.703847885131836
25.121540069580078
25.319501876831055
24.634815216064453
25.00425910949707
25.139562606811523
25.005477905273438
23.41218376159668
24.48662567138672
23.77549934387207
26.19114875793457
23.692731857299805
25.179349899291992
26.645071029663086
23.977447509765625
25.381486892700195
24.900537490844727
24.161611557006836
26.170732498168945
25.415674209594727
25.318130493164063
24.40327262878418
24.068517684936523
25.0041561126709
24.056133270263672
24.179424285888672
23.966665267944336
25.406999588012695
23.973268508911133
24.563297271728516
24.543941497802734
24.945499420166016
23.206100463867188
23.778305053710938
24.578317642211914
23.45778465270996
24.787111282348633
24.242578506469727
23.732797622680664
24.66089630126953
26.806535720825195
24.318679809570313
24.420942306518555
24.396581649780273
25.765897750854492
23.77398681640625
23.436689376831055
23.12448501586914
24.965112686157227
24.733858108520508
24.794095993041992
24.140914916992188
24.20357894897461
25.07054328918457
25.281322479248047
24.631011962890625
23.32976531982422
26.28628921508789
25.380613327026367
23.927406311035156
25.273866653442383
25.691957473754883
24.602487564086914
23.591426849365234
24.04775619506836
24.601045608520508
24.455284118652344
23.51422119140625
24.92464256286621
25.069799423217773
23.873491287231445
24.214536666870117
24.293338775634766
24.7841739654541
24.786609649658203
24.239904403686523
23.985336303710938
24.564228057861328
26.337194442749023
27.695585250854492
24.54290008544922
24.282350540161133
24.525636672973633
24.603843688964844
23.68189239501953
24.90457534790039
24.437850952148438
24.39398193359375
24.240285873413086
24.377233505249023
23.876008987426758
24.139070510864258
23.685192108154297
24.654340744018555
25.792491912841797
24.39072608947754
24.979158401489258
23.97235107421875
27.35816192626953
24.314912796020508
27.22469711303711
23.781723022460938
23.992551803588867
25.253646850585938
23.12567138671875
24.931238174438477
23.811004638671875
23.749813079833984
24.987960815429688
25.129261016845703
23.48861312866211
24.284181594848633
23.924989700317383
25.24161148071289
23.815797805786133
23.72408676147461
24.548019409179688
23.417593002319336
24.010129928588867
23.708467483520508
23.614864349365234
23.343202590942383
26.17346954345703
23.7724666595459
23.599834442138672
24.101350784301758
23.71962547302246
23.541748046875
24.599721908569336
24.648468017578125
25.256000518798828
26.629955291748047
24.965850830078125
24.297618865966797
26.425872802734375
22.94109535217285
23.8692684173584
25.205358505249023
23.68982696533203
26.132787704467773
25.1535587310791
24.61270523071289
24.202699661254883
24.14864158630371
23.981647491455078
23.89965057373047
23.518207550048828
23.484752655029297
24.138553619384766
25.268827438354492
24.603107452392578
23.835853576660156
25.458572387695313
26.2967529296875
24.101865768432617
24.877370834350586
24.641040802001953
23.600847244262695
23.79659652709961
24.272192001342773
24.9886531829834
23.172977447509766
24.45079231262207
24.000940322875977
23.40738868713379
25.287214279174805
23.594636917114258
23.26506233215332
24.59691619873047
23.34017562866211
23.811084747314453
25.110193252563477
24.287525177001953
23.426477432250977
23.971317291259766
24.43649673461914
24.086875915527344
25.504240036010742
23.954313278198242
24.34592056274414
23.408939361572266
26.399587631225586
24.487064361572266
23.557682037353516
24.6406307220459
24.376733779907227
25.005834579467773
23.849197387695313
24.440019607543945
23.212421417236328
23.65224838256836
24.113666534423828
23.379167556762695
24.2807674407959
25.676122665405273
24.309032440185547
25.70313835144043
24.121383666992188
23.790929794311523
23.429580688476563
25.94306182861328
24.671222686767578
23.472061157226563
23.590776443481445
23.517988204956055
23.903060913085938
23.235645294189453
24.82372283935547
23.81757164001465
23.37980842590332
23.545053482055664
23.745738983154297
23.475906372070313
24.84058380126953
24.915693283081055
24.298425674438477
25.516315460205078
24.40345573425293
23.678937911987305
24.151138305664063
25.9124755859375
23.459468841552734
24.131677627563477
23.30855369567871
24.260751724243164
23.893024444580078
23.750728607177734
24.20515251159668
24.606229782104492
24.60926055908203
24.229646682739258
23.376325607299805
23.949264526367188
23.491830825805664
23.475841522216797
23.801067352294922
24.392669677734375
25.688138961791992
24.5556697845459
24.57802391052246
24.68352508544922
24.387880325317383
24.342988967895508
23.332435607910156
25.107568740844727
23.502487182617188
24.532686233520508
24.968935012817383
23.787647247314453
24.28704261779785
24.60788917541504
23.295207977294922
24.978803634643555
24.669544219970703
25.159320831298828
24.989089965820313
23.657207489013672
23.949953079223633
24.893362045288086
23.61394691467285
24.174654006958008
24.30443572998047
24.084453582763672
23.495756149291992
23.480045318603516
24.583457946777344
24.224422454833984
26.181556701660156
24.647146224975586
23.478361129760742
23.17929458618164
24.467275619506836
25.91053581237793
24.082782745361328
24.935903549194336
24.084880828857422
24.182344436645508
23.706628799438477
24.23854637145996
25.02291488647461
23.944320678710938
24.18489646911621
24.139057159423828
24.53863525390625
24.31419563293457
24.541994094848633
23.754680633544922
24.671789169311523
24.470876693725586
24.499452590942383
25.97127914428711
25.018091201782227
23.846206665039063
24.51077651977539
23.463157653808594
25.699480056762695
24.02434539794922
24.52164649963379
24.555940628051758
23.27323341369629
23.77390480041504
24.933673858642578
24.259761810302734
24.230209350585938
27.85116195678711
24.375385284423828
23.45464515686035
24.619550704956055
25.004802703857422
23.809349060058594
24.17211151123047
22.889446258544922
24.222272872924805
23.81087875366211
23.68351173400879
26.071510314941406
24.524818420410156
24.051353454589844
25.767601013183594
23.92161750793457
24.13571548461914
24.017168045043945
24.32719612121582
24.36558723449707
24.398334503173828
23.26706314086914
24.264659881591797
25.905550003051758
25.412311553955078
24.1527042388916
24.73611831665039
23.67328453063965
23.985103607177734
23.71572494506836
25.008413314819336
23.943477630615234
23.910287857055664
23.446073532104492
24.910009384155273
23.603151321411133
25.913488388061523
23.802282333374023
23.72287940979004
23.923830032348633
24.823524475097656
23.6802921295166
25.947925567626953
23.789514541625977
25.628293991088867
24.311506271362305
24.136730194091797
24.989803314208984
23.15241241455078
24.703514099121094
24.305442810058594
25.674549102783203
23.41488265991211
23.386367797851563
24.70223617553711
23.308069229125977
23.545879364013672
25.532888412475586
23.715423583984375
23.325815200805664
25.15375518798828
23.193702697753906
25.184829711914063
23.670957565307617
25.25807762145996
24.44672203063965
24.444950103759766
23.920087814331055
24.03826904296875
23.298099517822266
24.036991119384766
24.168319702148438
24.864501953125
23.968637466430664
25.120426177978516
23.153703689575195
25.68240737915039
25.12326431274414
23.62925910949707
23.904647827148438
23.254533767700195
23.414649963378906
25.24725914001465
23.421815872192383
23.35615348815918
25.335552215576172
23.378372192382813
24.023252487182617
25.44089698791504
25.640705108642578
25.197282791137695
23.645069122314453
24.16176414489746
23.9714412689209
23.657533645629883
23.522645950317383
23.813579559326172
25.672515869140625
23.634986877441406
25.367015838623047
23.849376678466797
24.18265151977539
25.01671600341797
23.533321380615234
25.27703857421875
24.71415901184082
24.453214645385742
25.203248977661133
24.152273178100586
23.15610694885254
24.44270896911621
25.151018142700195
24.06351661682129
23.42314338684082
23.369094848632813
23.446504592895508
23.650466918945313
24.670806884765625
24.59898567199707
24.121503829956055
24.09442710876465
25.371976852416992
25.38789939880371
23.942943572998047
24.46941566467285
25.15887451171875
24.184755325317383
23.67754554748535
24.111690521240234
23.935434341430664
24.10977554321289
24.021181106567383
24.23562240600586
24.14752197265625
23.621633529663086
24.20212173461914
24.330698013305664
24.551088333129883
23.890560150146484
23.91114616394043
25.09381866455078
24.18460464477539
25.328407287597656
24.12734603881836
25.493282318115234
24.50505256652832
24.01415252685547
25.05545425415039
24.600284576416016
24.64314842224121
23.614320755004883
23.607162475585938
24.107486724853516
24.388952255249023
23.667268753051758
24.079988479614258
23.98857879638672
25.52684211730957
25.75821876525879
23.916025161743164
23.28148078918457
24.203744888305664
24.370643615722656
23.218738555908203
25.01781463623047
25.4581298828125
23.472400665283203
23.743762969970703
23.361736297607422
24.085268020629883
24.151317596435547
24.554344177246094
24.96355628967285
25.015884399414063
24.025190353393555
23.674951553344727
23.818286895751953
23.5666561126709
24.65463638305664
25.405208587646484
23.861902236938477
24.211585998535156
24.08379554748535
23.74762725830078
23.81114387512207
23.013933181762695
24.926240921020508
25.96324920654297
23.617469787597656
24.290992736816406
24.74591827392578
24.051206588745117
24.063323974609375
24.761260986328125
24.642513275146484
26.910982131958008
23.680686950683594
24.217432022094727
24.83151626586914
26.051673889160156
25.666940689086914
24.37696647644043
24.263010025024414
23.88575553894043
23.52498435974121
25.32470703125
23.051610946655273
24.15550994873047
24.83494758605957
24.210371017456055
23.348630905151367
24.389408111572266
24.604923248291016
23.28428077697754
25.198808670043945
24.324033737182617
24.22605323791504
24.997833251953125
23.99253273010254
24.00821304321289
23.650238037109375
24.758840560913086
24.028573989868164
25.15801239013672
24.399322509765625
23.305871963500977
23.593290328979492
25.27473258972168
24.13910675048828
23.113771438598633
24.227684020996094
24.115873336791992
24.5484676361084
24.75952911376953
23.95039939880371
23.81665802001953
24.680429458618164
23.403684616088867
23.78091812133789
23.26974105834961
23.82352638244629
23.24859046936035
23.762535095214844
25.403385162353516
24.326383590698242
24.6853084564209
23.978675842285156
24.797903060913086
24.687108993530273
25.00578498840332
24.425905227661133
23.702646255493164
23.68587303161621
23.691394805908203
23.2336483001709
25.62097930908203
24.69812774658203
24.071887969970703
25.454116821289063
24.444211959838867
23.855440139770508
23.55088233947754
24.998258590698242
24.378196716308594
23.86050033569336
23.80893898010254
24.730377197265625
25.88487434387207
23.992033004760742
25.04880142211914
24.23174476623535
23.57919692993164
24.6572322845459
23.71759605407715
24.07173728942871
23.70345115661621
26.27435302734375
23.432247161865234
24.460817337036133
23.987979888916016
23.612075805664063
25.396013259887695
23.945913314819336
23.988239288330078
23.66626739501953
25.77164649963379
24.614112854003906
23.30533218383789
24.7114200592041
23.6405029296875
23.088258743286133
24.39156150817871
23.866405487060547
26.273191452026367
25.1507568359375
23.293838500976563
24.413698196411133
24.74213409423828
24.642742156982422
24.263099670410156
24.09178924560547
24.9625186920166
25.789649963378906
23.117172241210938
24.269184112548828
25.214515686035156
25.29989242553711
25.48491668701172
24.64130401611328
23.911544799804688
25.417354583740234
23.789196014404297
23.943735122680664
24.154605865478516
24.26734733581543
25.53530502319336
25.14051055908203
23.852073669433594
23.629873275756836
24.41212272644043
25.076812744140625
24.86451530456543
25.27970314025879
24.997577667236328
23.394466400146484
24.010961532592773
23.75167465209961
23.837034225463867
23.371408462524414
24.281463623046875
23.901569366455078
23.681751251220703
23.677017211914063
24.798431396484375
25.202625274658203
23.890958786010742
23.867372512817383
23.838605880737305
24.07703971862793
23.905956268310547
23.360280990600586
24.30487632751465
24.57131576538086
24.142566680908203
25.48832893371582
23.306760787963867
23.676368713378906
25.147058486938477
23.194000244140625
23.53682518005371
23.847179412841797
23.728811264038086
24.518901824951172
24.588733673095703
23.530242919921875
24.36505699157715
24.115182876586914
24.407550811767578
25.360870361328125
26.673612594604492
24.418075561523438
23.88092041015625
25.253070831298828
25.017147064208984
22.80262565612793
25.43140411376953
24.346729278564453
24.44700813293457
23.561016082763672
25.506092071533203
23.592002868652344
24.561269760131836
24.90434455871582
23.455842971801758
23.652870178222656
23.827699661254883
24.500267028808594
24.00618553161621
23.466123580932617
25.44155502319336
25.41360092163086
25.952465057373047
26.32257843017578
27.007986068725586
23.801841735839844
24.7474422454834
24.619468688964844
24.363615036010742
24.310317993164063
25.277095794677734
25.501317977905273
23.591449737548828
24.614147186279297
25.69985580444336
23.85169219970703
24.65378761291504
25.340513229370117
24.537569046020508
23.753631591796875
25.04390525817871
24.304359436035156
23.30975341796875
24.73813247680664
24.05077362060547
23.7307071685791
23.81975555419922
24.922090530395508
25.2445125579834
25.209095001220703
25.1033878326416
23.63803482055664
23.407058715820313
24.102256774902344
22.848949432373047
23.54482650756836
24.74163818359375
24.542526245117188
24.55771255493164
23.63971710205078
23.281463623046875
23.154043197631836
26.58058738708496
23.306461334228516
24.31705665588379
24.58771324157715
25.247682571411133
24.281835556030273
24.046049118041992
23.60984230041504
24.52557373046875
23.628921508789063
25.382781982421875
23.335201263427734
24.097835540771484
24.613536834716797
25.12215232849121
24.353492736816406
23.252948760986328
23.90011215209961
26.219375610351563
25.119691848754883
23.356014251708984
24.27351951599121
24.045080184936523
23.6917724609375
25.288789749145508
23.28721046447754
24.4561710357666
24.409944534301758
25.959510803222656
25.373851776123047
24.524070739746094
23.738325119018555
23.93726921081543
23.330347061157227
23.859294891357422
23.496049880981445
24.69722557067871
23.516197204589844
23.920236587524414
25.255985260009766
23.779254913330078
24.298526763916016
23.599016189575195
23.89456558227539
23.439537048339844
23.47953987121582
24.251863479614258
24.63787078857422
26.578027725219727
24.265323638916016
23.908618927001953
24.65867042541504
27.055065155029297
24.057086944580078
23.800186157226563
24.29413414001465
23.549938201904297
25.658123016357422
24.325023651123047
24.072010040283203
23.729061126708984
23.376110076904297
23.8288516998291
24.054977416992188
24.964235305786133
23.485380172729492
24.20018196105957
27.867717742919922
23.33421516418457
24.18202018737793
25.336177825927734
23.53384017944336
23.82041358947754
24.666471481323242
25.385440826416016
23.596590042114258
23.629291534423828
24.414358139038086
24.15079116821289
24.955297470092773
23.120210647583008
23.147602081298828
24.092750549316406
25.404508590698242
24.926021575927734
25.120620727539063
24.281679153442383
24.014223098754883
25.68168067932129
26.84404182434082
24.4096736907959
24.152210235595703
23.88115692138672
25.046131134033203
23.871198654174805
23.28156089782715
23.967376708984375
24.147747039794922
25.360332489013672
23.83597755432129
23.41217613220215
24.62964630126953
26.43242645263672
25.69239616394043
22.94810676574707
25.31543731689453
23.597240447998047
23.83014678955078
23.46233367919922
24.21323013305664
23.7138671875
23.59530258178711
23.101171493530273
24.00010108947754
23.66985511779785
26.70804786682129
24.061267852783203
23.53204345703125
25.95894432067871
23.347103118896484
24.130836486816406
24.636062622070313
23.973800659179688
23.94788360595703
24.471052169799805
24.9892578125
23.63022804260254
24.557411193847656
24.322654724121094
24.035335540771484
25.002290725708008
23.64519691467285
23.457517623901367
23.058090209960938
23.77117347717285
23.54279136657715
23.902692794799805
24.368776321411133
24.912858963012695
23.747596740722656
23.797996520996094
23.993722915649414
25.376251220703125
23.8046817779541
23.64010238647461
26.409334182739258
25.1981143951416
24.651569366455078
24.53621482849121
23.98855209350586
23.789331436157227
23.268461227416992
24.786853790283203
23.84031105041504
24.904888153076172
25.127342224121094
23.756216049194336
25.1970272064209
24.586666107177734
24.61151885986328
23.742624282836914
23.86058807373047
25.569583892822266
23.694005966186523
24.148130416870117
25.72606086730957
24.48578643798828
23.82938003540039
25.269289016723633
25.385540008544922
25.09454917907715
24.8520565032959
24.66892433166504
23.407203674316406
23.527984619140625
23.87498664855957
23.75673484802246
24.016347885131836
24.546472549438477
23.86595916748047
23.73700523376465
24.513063430786133
24.30398178100586
24.81907081604004
24.2417049407959
23.478742599487305
24.6694278717041
24.936710357666016
23.745006561279297
23.645591735839844
25.023605346679688
23.448749542236328
24.138704299926758
24.32671546936035
23.527292251586914
23.808385848999023
23.743406295776367
24.64794158935547
24.341537475585938
23.99112319946289
25.523073196411133
24.80332374572754
24.519657135009766
23.670787811279297
25.560041427612305
25.824098587036133
24.367000579833984
26.07419776916504
24.430761337280273
24.658702850341797
24.464202880859375
25.691696166992188
25.1361026763916
24.414676666259766
23.417734146118164
23.9451961517334
25.3503360748291
24.69757652282715
23.902751922607422
23.52635955810547
23.964277267456055
23.646411895751953
25.577693939208984
23.828014373779297
24.65163230895996
23.31928825378418
25.105499267578125
24.658111572265625
22.999155044555664
24.354520797729492
23.07538604736328
24.874753952026367
23.82982063293457
24.260290145874023
24.67470932006836
24.286239624023438
25.121217727661133
24.997318267822266
24.707216262817383
24.61834144592285
23.91431427001953
23.6991024017334
24.44792938232422
24.657773971557617
25.219350814819336
24.176603317260742
23.936296463012695
23.379690170288086
24.422327041625977
26.244535446166992
23.793779373168945
24.801069259643555
25.388891220092773
24.879751205444336
24.054534912109375
23.525346755981445
24.932729721069336
24.16055679321289
24.614673614501953
24.062236785888672
24.428983688354492
23.78529167175293
24.232812881469727
23.92645263671875
24.334524154663086
24.32676124572754
25.33017921447754
24.2830867767334
24.49420166015625
23.68995475769043
24.410865783691406
23.697956085205078
23.826520919799805
24.597919464111328
24.594892501831055
24.290327072143555
26.3901309967041
23.0031681060791
25.74610710144043
24.320619583129883
23.795503616333008
23.988351821899414
23.24201202392578
24.262849807739258
23.82633399963379
23.715848922729492
24.106998443603516
23.387706756591797
23.7241153717041
24.368616104125977
24.563499450683594
23.801883697509766
23.3503475189209
24.56798553466797
24.220170974731445
24.239404678344727
23.926929473876953
24.447887420654297
24.42662239074707
24.342021942138672
24.153003692626953
24.850879669189453
24.139381408691406
23.096277236938477
23.068145751953125
23.549951553344727
24.191604614257813
24.318328857421875
23.662342071533203
23.92793083190918
24.33970832824707
23.98240089416504
24.896896362304688
24.08114242553711
24.71062660217285
24.319034576416016
23.577512741088867
24.074993133544922
25.46389389038086
23.715524673461914
27.41175651550293
24.2733097076416
23.74650764465332
23.432571411132813
24.999122619628906
25.20795249938965
24.100427627563477
26.596969604492188
23.929731369018555
24.757015228271484
23.83112335205078
24.19244956970215
24.21834373474121
23.581087112426758
25.479324340820313
23.34370994567871
24.244775772094727
23.604141235351563
24.46354103088379
23.931991577148438
24.84334373474121
24.843578338623047
24.066518783569336
25.434139251708984
23.382495880126953
23.693052291870117
24.520864486694336
25.039440155029297
25.488677978515625
24.963909149169922
24.313716888427734
25.316661834716797
24.31426429748535
24.9248046875
25.49611473083496
24.91383171081543
23.15093231201172
24.336803436279297
24.487089157104492
25.294130325317383
25.203216552734375
23.551393508911133
23.687002182006836
25.03753089904785
26.562583923339844
25.72481918334961
25.387128829956055
23.59697914123535
24.24030876159668
24.482070922851563
24.105575561523438
24.02188491821289
23.432815551757813
23.565053939819336
25.302852630615234
24.542278289794922
23.39935302734375
25.544559478759766
25.00769805908203
24.390995025634766
23.261144638061523
23.601055145263672
23.129348754882813
23.462820053100586
23.60056495666504
23.523632049560547
25.48586654663086
25.28578758239746
24.345115661621094
24.566574096679688
23.92929458618164
23.607139587402344
24.76824188232422
24.118703842163086
23.579864501953125
25.337316513061523
23.263134002685547
25.368921279907227
23.413698196411133
23.559350967407227
24.57332420349121
24.402481079101563
23.431854248046875
24.21658706665039
23.59248924255371
25.229787826538086
24.49522590637207
23.08789825439453
23.8571834564209
23.636152267456055
24.361417770385742
23.641435623168945
24.23475456237793
23.597705841064453
25.03653907775879
25.090572357177734
23.566852569580078
23.942066192626953
24.937973022460938
23.41683578491211
23.80781364440918
25.06076431274414
25.317005157470703
24.095706939697266
23.476144790649414
23.510683059692383
23.940380096435547
25.67669105529785
22.867525100708008
24.109682083129883
25.361587524414063
24.54722023010254
26.56751823425293
23.692747116088867
23.544267654418945
23.094619750976563
23.606950759887695
23.894622802734375
23.578203201293945
23.426809310913086
24.040678024291992
24.434581756591797
24.131698608398438
23.317773818969727
23.5119571685791
24.607114791870117
23.256114959716797
23.882360458374023
24.198623657226563
23.486387252807617
24.564725875854492
23.694061279296875
23.81822395324707
25.278331756591797
24.348726272583008
23.757253646850586
25.768047332763672
23.741436004638672
24.91096305847168
25.326004028320313
24.58432960510254
23.769180297851563
25.659839630126953
23.980878829956055
23.674034118652344
25.68273162841797
24.22072982788086
23.096540451049805
24.426803588867188
23.100210189819336
23.19887351989746
24.115381240844727
25.064407348632813
24.051647186279297
23.204727172851563
24.734464645385742
23.12108039855957
24.801612854003906
25.699445724487305
23.93243980407715
24.01352310180664
25.887943267822266
24.233062744140625
25.037071228027344
25.51246452331543
23.10008430480957
25.195104598999023
23.573514938354492
23.84756088256836
24.565940856933594
23.94402503967285
23.612895965576172
23.324443817138672
24.210233688354492
23.54388427734375
25.60546875
24.95595932006836
24.618545532226563
23.32882308959961
24.868408203125
24.407028198242188
23.650083541870117
23.787057876586914
23.185884475708008
24.455442428588867
25.122329711914063
24.120698928833008
24.972759246826172
23.62383460998535
24.296878814697266
23.64844512939453
25.199201583862305
25.3441104888916
25.728534698486328
24.72698402404785
24.00105857849121
23.81898307800293
24.657712936401367
23.699615478515625
24.2786865234375
23.999372482299805
23.71122932434082
24.754005432128906
23.410518646240234
23.866456985473633
25.693220138549805
23.67817497253418
23.511043548583984
24.280235290527344
23.54819107055664
23.453720092773438
23.963592529296875
24.459747314453125
24.172151565551758
24.723037719726563
24.01642417907715
24.747840881347656
24.088693618774414
24.523357391357422
23.659679412841797
24.912050247192383
23.359148025512695
24.43227767944336
24.05535316467285
24.209672927856445
23.104673385620117
25.646394729614258
24.70470428466797
24.180770874023438
23.799646377563477
25.320526123046875
25.03350257873535
24.30173683166504
23.73431968688965
25.165971755981445
27.41181182861328
24.515546798706055
24.261249542236328
24.231016159057617
23.930007934570313
24.56854820251465
23.96604347229004
24.492637634277344
23.41761589050293
25.245431900024414
23.105634689331055
25.512813568115234
23.406841278076172
23.971837997436523
24.000410079956055
23.356929779052734
24.516935348510742
24.521923065185547
25.449626922607422
23.588144302368164
24.012847900390625
23.95462417602539
28.53913116455078
24.164203643798828
23.553756713867188
25.32297706604004
23.541976928710938
24.654767990112305
23.156400680541992
24.142629623413086
24.26610565185547
24.583290100097656
24.777769088745117
23.47480010986328
25.121030807495117
24.659019470214844
24.597671508789063
24.66710662841797
27.195938110351563
23.040771484375
23.60161590576172
24.622610092163086
23.567157745361328
24.52700424194336
25.266633987426758
25.218618392944336
23.053165435791016
24.599308013916016
23.780672073364258
25.346622467041016
24.047658920288086
24.0538387298584
25.47317886352539
23.88274383544922
24.309682846069336
25.089033126831055
24.565162658691406
25.768064498901367
23.462482452392578
24.999631881713867
24.35129165649414
23.950700759887695
23.6995849609375
24.365692138671875
23.81517791748047
24.434465408325195
23.613630294799805
24.396129608154297
24.23581314086914
23.151880264282227
24.23314666748047
24.279495239257813
24.152835845947266
24.175100326538086
24.913143157958984
25.55998992919922
24.140287399291992
24.551420211791992
23.790369033813477
24.126476287841797
24.77451515197754
25.20318603515625
23.731542587280273
24.986677169799805
23.296175003051758
23.291213989257813
24.90470314025879
24.254322052001953
25.810317993164063
24.81131935119629
24.52552604675293
23.87989044189453
23.980308532714844
26.115520477294922
23.70354652404785
23.164548873901367
23.706478118896484
25.155118942260742
23.525131225585938
23.781620025634766
24.9659481048584
24.607820510864258
23.26995277404785
25.371416091918945
23.556459426879883
24.0961856842041
23.692424774169922
24.119516372680664
23.49692726135254
25.857912063598633
24.400577545166016
25.10561752319336
25.73775863647461
23.68485450744629
24.194927215576172
23.86150550842285
26.054752349853516
23.732206344604492
25.413604736328125
23.457033157348633
23.97751235961914
26.678363800048828
23.08441925048828
24.20450782775879
25.67102813720703
23.844432830810547
24.879499435424805
23.230085372924805
25.073963165283203
24.2395076751709
23.24848175048828
25.48612403869629
24.657133102416992
25.599143981933594
24.4155330657959
23.407569885253906
22.816299438476563
24.00137710571289
23.824398040771484
23.892282485961914
24.941871643066406
23.405895233154297
25.25048828125
25.135360717773438
23.191627502441406
25.728023529052734
24.775014877319336
23.304729461669922
24.13486099243164
25.21556282043457
25.00981330871582
25.494834899902344
24.69927406311035
25.969459533691406
23.27304458618164
24.58542823791504
24.698352813720703
23.27852439880371
24.102441787719727
26.820594787597656
24.424928665161133
25.247404098510742
24.17951774597168
24.101898193359375
23.30586814880371
23.826688766479492
25.725421905517578
23.90922737121582
24.519132614135742
25.955415725708008
24.685304641723633
24.785696029663086
23.48586654663086
23.589683532714844
24.888626098632813
23.852191925048828
24.897872924804688
25.358118057250977
24.398914337158203
25.226591110229492
23.24884796142578
24.585956573486328
24.631723403930664
24.022024154663086
24.272064208984375
23.119184494018555
24.13950538635254
25.054777145385742
25.336421966552734
23.431373596191406
25.227251052856445
24.13628578186035
24.297910690307617
25.276199340820313
23.6135311126709
23.93278694152832
24.59269142150879
23.787065505981445
25.64984893798828
24.368837356567383
25.40477752685547
25.0163631439209
25.007835388183594
24.551639556884766
23.417695999145508
23.69046401977539
23.751039505004883
23.754541397094727
24.019554138183594
23.842884063720703
24.080257415771484
23.408935546875
23.093528747558594
23.9422607421875
24.323871612548828
24.79203987121582
23.57012176513672
24.02126121520996
24.278884887695313
23.91684913635254
25.327884674072266
25.449419021606445
23.75323486328125
23.75209617614746
24.342117309570313
25.888673782348633
23.124914169311523
27.068662643432617
24.13145637512207
24.930694580078125
26.72512435913086
23.349231719970703
24.362018585205078
24.486164093017578
24.548311233520508
24.925935745239258
23.63564109802246
24.544240951538086
24.69409942626953
23.234981536865234
23.933908462524414
24.168304443359375
24.229808807373047
24.054792404174805
24.178077697753906
23.417736053466797
24.8968563079834
23.577503204345703
23.259891510009766
25.56726837158203
27.0863037109375
24.063312530517578
24.712337493896484
23.269765853881836
24.515077590942383
24.809730529785156
23.685104370117188
24.079082489013672
24.151775360107422
24.35694122314453
25.732791900634766
23.411943435668945
23.995668411254883
24.71373176574707
24.648338317871094
23.669578552246094
23.90572738647461
23.778322219848633
24.38105583190918
23.679210662841797
25.419790267944336
24.02627182006836
24.14297866821289
25.235687255859375
24.91604995727539
23.649314880371094
23.17974090576172
24.675304412841797
24.374942779541016
24.5531005859375
24.928802490234375
24.988924026489258
23.578474044799805
25.10085678100586
23.625850677490234
28.992753982543945
24.37314796447754
25.150604248046875
23.388744354248047
26.34160614013672
26.504011154174805
23.848838806152344
25.05392074584961
24.349510192871094
24.826725006103516
23.462297439575195
24.59461784362793
25.07476234436035
24.3021240234375
24.38357925415039
24.036117553710938
23.838247299194336
23.780508041381836
24.83220672607422
23.650665283203125
25.315013885498047
24.106643676757813
23.76689338684082
24.791372299194336
24.25395965576172
24.581274032592773
23.660675048828125
24.400009155273438
23.773818969726563
23.855838775634766
24.774412155151367
26.069583892822266
24.447153091430664
25.336061477661133
24.256160736083984
24.88646697998047
25.531639099121094
24.00958251953125
23.948928833007813
23.788124084472656
24.558626174926758
24.33899688720703
25.821107864379883
24.062896728515625
25.22393035888672
23.440345764160156
23.488868713378906
24.568159103393555
23.331058502197266
23.924222946166992
23.29452133178711
23.52970314025879
25.056100845336914
23.66124725341797
24.195951461791992
25.09392738342285
25.445117950439453
23.52460289001465
23.29306983947754
24.469356536865234
25.334686279296875
23.676712036132813
23.03514289855957
25.41265869140625
24.331266403198242
24.051189422607422
23.862106323242188
23.920978546142578
23.021989822387695
23.8759708404541
24.057884216308594
23.769140243530273
24.219215393066406
25.262481689453125
24.68796730041504
23.851890563964844
25.98851776123047
27.38035011291504
24.37744903564453
25.39752960205078
24.47148895263672
26.590354919433594
24.497432708740234
24.496999740600586
23.71287727355957
25.52100944519043
23.412832260131836
25.363117218017578
24.709680557250977
23.90152931213379
24.27301025390625
24.38519287109375
23.16362953186035
24.4960994720459
24.089702606201172
24.230958938598633
24.005550384521484
24.394458770751953
24.21647834777832
25.151084899902344
24.684383392333984
23.274246215820313
24.504915237426758
24.74041175842285
24.06864356994629
24.04143524169922
23.95486068725586
24.849140167236328
24.083759307861328
24.54090118408203
24.075010299682617
23.48484230041504
27.53548812866211
24.270973205566406
23.607013702392578
24.667400360107422
25.773027420043945
23.183292388916016
24.023357391357422
23.170169830322266
24.51871109008789
24.82891082763672
24.445466995239258
24.357736587524414
23.595623016357422
25.710960388183594
22.664031982421875
23.605810165405273
24.765073776245117
23.58223533630371
25.050899505615234
25.17606544494629
23.670284271240234
23.087841033935547
24.823383331298828
23.94135856628418
23.709918975830078
24.62823486328125
23.454959869384766
24.60970687866211
23.235403060913086
23.86515235900879
24.954090118408203
24.200172424316406
26.550827026367188
24.799312591552734
24.181636810302734
24.36664581298828
24.556127548217773
24.710031509399414
23.355247497558594
24.477432250976563
24.984590530395508
24.92317771911621
24.053316116333008
25.115901947021484
23.89011001586914
26.05678939819336
24.55747413635254
23.868499755859375
24.4057674407959
23.459535598754883
24.242937088012695
25.02376365661621
24.302637100219727
25.460613250732422
25.418127059936523
22.852441787719727
24.38194465637207
23.2274227142334
25.122743606567383
25.900997161865234
24.072734832763672
23.849105834960938
24.525480270385742
23.606447219848633
23.52693748474121
23.68438720703125
24.55105209350586
25.27969741821289
23.561460494995117
24.071548461914063
24.316152572631836
24.516103744506836
23.14485740661621
24.020221710205078
24.97957992553711
25.54538917541504
24.39616584777832
24.390499114990234
24.776552200317383
24.916765213012695
24.67072105407715
23.324243545532227
24.21748924255371
23.009681701660156
23.598176956176758
24.268110275268555
24.29045867919922
23.288103103637695
24.559900283813477
23.56951332092285
25.0125732421875
23.897192001342773
25.15685272216797
25.07985496520996
24.1132869720459
24.249771118164063
23.771244049072266
24.32198715209961
24.502601623535156
24.161767959594727
25.776948928833008
23.602163314819336
23.804580688476563
24.60296058654785
23.815547943115234
24.168733596801758
23.67502212524414
24.485126495361328
23.584575653076172
24.437946319580078
25.505048751831055
23.17384910583496
24.281131744384766
24.35846710205078
24.40076446533203
25.326339721679688
23.982303619384766
23.769332885742188
24.241455078125
23.631244659423828
24.03120994567871
25.210159301757813
24.696813583374023
24.982128143310547
23.713972091674805
24.335586547851563
25.567184448242188
23.600372314453125
24.75567054748535
24.597196578979492
23.395734786987305
24.019540786743164
24.330881118774414
23.81441879272461
24.024885177612305
24.412757873535156
23.964427947998047
25.233577728271484
23.98577308654785
25.557008743286133
24.097030639648438
24.272756576538086
24.034427642822266
27.936626434326172
23.356258392333984
23.243589401245117
25.7857723236084
24.576236724853516
24.71759033203125
24.833906173706055
25.335060119628906
27.018064498901367
23.631031036376953
24.039976119995117
24.81894874572754
24.3968505859375
23.73395538330078
25.69312858581543
24.926515579223633
23.591875076293945
23.917102813720703
24.465007781982422
24.154338836669922
24.898954391479492
25.662607192993164
23.592866897583008
25.404151916503906
24.384876251220703
24.055206298828125
24.312271118164063
24.063562393188477
23.83849334716797
23.337894439697266
24.401582717895508
24.357555389404297
24.83518409729004
23.521699905395508
23.73492431640625
23.777572631835938
23.300926208496094
25.236629486083984
23.757421493530273
24.92828369140625
24.36005973815918
25.321191787719727
24.511180877685547
24.438610076904297
24.897424697875977
26.283586502075195
24.83011817932129
23.521259307861328
25.848180770874023
24.515853881835938
24.298856735229492
24.603364944458008
24.359447479248047
23.696746826171875
25.796730041503906
24.23785400390625
24.044111251831055
26.024654388427734
24.494474411010742
25.009395599365234
26.23918342590332
25.58243751525879
23.73282814025879
24.56575584411621
23.82253646850586
24.129505157470703
24.261886596679688
23.92205047607422
23.794458389282227
24.67860984802246
25.427377700805664
23.721267700195313
23.490873336791992
24.112714767456055
24.741411209106445
25.527753829956055
23.551284790039063
25.763690948486328
24.156522750854492
24.299930572509766
23.658950805664063
24.589014053344727
24.205821990966797
23.848613739013672
24.93707847595215
23.824371337890625
24.052186965942383
23.7108097076416
24.156341552734375
24.158536911010742
24.357759475708008
24.554067611694336
24.56905746459961
23.4954776763916
26.86532211303711
26.162513732910156
25.338729858398438
24.56079864501953
23.838354110717773
25.252132415771484
24.870485305786133
24.986976623535156
23.414058685302734
24.157556533813477
25.434240341186523
24.130615234375
23.034624099731445
24.64258575439453
23.95124626159668
24.86236572265625
24.577049255371094
24.40951919555664
25.449323654174805
24.061153411865234
23.477834701538086
24.21841049194336
23.80245590209961
23.550973892211914
23.862199783325195
24.377548217773438
24.282712936401367
25.763164520263672
23.094118118286133
23.836441040039063
24.128170013427734
24.511184692382813
24.238731384277344
23.762161254882813
24.001131057739258
23.394750595092773
22.98457908630371
24.401561737060547
23.860828399658203
25.42969512939453
23.903993606567383
23.459606170654297
25.987178802490234
24.006689071655273
24.357667922973633
24.304685592651367
23.76880645751953
23.269744873046875
24.88504409790039
24.29997444152832
25.619644165039063
26.862340927124023
24.827796936035156
24.426912307739258
24.010028839111328
23.686254501342773
23.722455978393555
23.87310218811035
24.154403686523438
24.256616592407227
23.1585750579834
23.811748504638672
24.4163875579834
24.464393615722656
25.194992065429688
25.39674949645996
23.44910430908203
24.621084213256836
23.48858070373535
24.47722816467285
24.651592254638672
24.075206756591797
23.10773277282715
24.397247314453125
23.64891242980957
26.37287712097168
23.3284969329834
24.083663940429688
23.97910499572754
24.190229415893555
25.602752685546875
23.323326110839844
26.43226432800293
24.303077697753906
23.58258819580078
25.468172073364258
23.558469772338867
25.13823699951172
25.14139175415039
24.256183624267578
24.396530151367188
23.9092960357666
24.364059448242188
23.773231506347656
25.358978271484375
25.4901180267334
23.34495735168457
23.077558517456055
23.63842010498047
24.017412185668945
23.7145938873291
25.183155059814453
23.985029220581055
24.07118034362793
23.27539825439453
23.525461196899414
23.799962997436523
23.582653045654297
24.433530807495117
24.16053581237793
23.86362075805664
23.96479034423828
24.432109832763672
25.411054611206055
23.804967880249023
24.258373260498047
23.621273040771484
25.271799087524414
24.011783599853516
25.346416473388672
24.98455047607422
24.234338760375977
23.196247100830078
23.81229019165039
23.265361785888672
23.016054153442383
24.022275924682617
24.466501235961914
24.05476188659668
25.10647201538086
23.13202667236328
24.640361785888672
25.395116806030273
23.973440170288086
26.39740562438965
24.08516502380371
24.056007385253906
23.72397232055664
24.137413024902344
23.895267486572266
24.015296936035156
24.006580352783203
23.222251892089844
25.47620391845703
24.64244842529297
24.155447006225586
25.23028564453125
25.155508041381836
25.585662841796875
25.035991668701172
23.481081008911133
24.583208084106445
23.756122589111328
24.6298828125
24.36662483215332
24.06963539123535
23.538116455078125
24.051149368286133
25.823392868041992
24.490474700927734
23.515893936157227
24.85270118713379
24.190135955810547
24.15534210205078
23.892925262451172
25.68803596496582
24.526342391967773
22.915374755859375
23.904739379882813
23.116479873657227
23.491653442382813
25.221561431884766
24.502849578857422
23.566341400146484
25.757598876953125
25.001205444335938
23.748044967651367
23.325693130493164
23.630098342895508
24.04606056213379
23.15780258178711
23.649412155151367
24.145753860473633
25.23155975341797
23.603092193603516
23.461475372314453
25.107690811157227
24.70951271057129
25.74420928955078
24.206575393676758
23.30573844909668
23.433197021484375
23.220033645629883
23.739486694335938
23.281030654907227
24.91913604736328
24.11374855041504
25.02136993408203
24.09771156311035
23.81428337097168
25.148405075073242
24.04291343688965
23.887575149536133
24.33614730834961
24.426191329956055
23.955913543701172
23.768043518066406
23.650043487548828
24.53963279724121
24.632835388183594
25.2181453704834
23.587812423706055
23.840322494506836
23.953859329223633
24.68235969543457
23.233383178710938
23.843263626098633
24.03120994567871
23.620407104492188
23.581613540649414
24.44074249267578
23.382762908935547
23.853212356567383
23.770660400390625
23.189956665039063
25.327129364013672
24.430818557739258
28.880422592163086
25.040687561035156
23.951425552368164
23.72864532470703
24.049346923828125
25.408342361450195
25.338157653808594
23.97467803955078
23.695039749145508
25.875566482543945
24.40304946899414
24.492448806762695
23.52252197265625
23.806074142456055
27.076492309570313
23.79038429260254
25.78025245666504
24.60165023803711
24.900060653686523
24.039337158203125
23.00047492980957
24.202594757080078
24.307689666748047
24.463056564331055
25.011398315429688
23.429426193237305
25.51898765563965
26.180391311645508
23.30898666381836
24.030784606933594
24.301549911499023
24.620813369750977
24.328065872192383
25.279191970825195
23.609230041503906
23.826217651367188
25.219932556152344
24.02764320373535
24.837438583374023
23.9775390625
24.54867172241211
25.233501434326172
24.687227249145508
25.6337833404541
25.23509979248047
24.531808853149414
24.26875877380371
24.654315948486328
23.306127548217773
23.24557113647461
24.256668090820313
24.43937110900879
24.66153907775879
24.59907341003418
24.96007537841797
23.826702117919922
24.452590942382813
23.34612464904785
23.796375274658203
24.070600509643555
24.706754684448242
25.49277114868164
25.119266510009766
25.607492446899414
23.680225372314453
24.718660354614258
24.044635772705078
24.258403778076172
23.36571502685547
25.53795623779297
24.63376235961914
25.042137145996094
23.98834800720215
23.96781349182129
24.673070907592773
23.719118118286133
24.43651008605957
24.451549530029297
23.114166259765625
24.438562393188477
25.257495880126953
24.23049545288086
24.311222076416016
23.75176239013672
23.88187026977539
24.386960983276367
24.416112899780273
23.979721069335938
24.541349411010742
24.566442489624023
23.881671905517578
24.4801025390625
23.261714935302734
24.138011932373047
27.105257034301758
25.648113250732422
23.465511322021484
23.45812225341797
25.503122329711914
23.916526794433594
25.26612663269043
23.49244499206543
23.85871124267578
22.979936599731445
24.66684341430664
23.89206314086914
23.525409698486328
24.132980346679688
25.39484405517578
24.84457015991211
24.40126609802246
26.320938110351563
24.197650909423828
25.422639846801758
23.469148635864258
24.364519119262695
24.07117462158203
24.215312957763672
24.30808448791504
24.030284881591797
25.253551483154297
24.101062774658203
23.603355407714844
24.658557891845703
23.529123306274414
23.536161422729492
24.34853744506836
24.72247886657715
24.35030746459961
23.387540817260742
25.018157958984375
24.696809768676758
25.067033767700195
25.847238540649414
24.198169708251953
23.336462020874023
24.20223045349121
24.200593948364258
24.28784942626953
25.09771728515625
23.758089065551758
24.222148895263672
24.4141845703125
24.0444393157959
23.303958892822266
24.338977813720703
23.63321876525879
24.426137924194336
24.83463478088379
24.630176544189453
23.625244140625
26.378896713256836
25.173158645629883
24.455785751342773
23.24675941467285
25.490375518798828
24.070606231689453
25.34410858154297
24.30915641784668
23.388010025024414
23.76000213623047
26.022445678710938
24.166343688964844
23.96183967590332
24.227439880371094
23.200986862182617
24.615726470947266
25.7169246673584
24.308029174804688
23.587865829467773
23.039283752441406
24.032636642456055
24.168991088867188
24.769493103027344
23.172792434692383
24.487346649169922
25.401599884033203
23.74430274963379
23.434171676635742
25.60719108581543
24.01305389404297
23.37240219116211
24.599641799926758
23.717700958251953
23.99830436706543
24.934059143066406
23.462018966674805
23.863574981689453
24.5028018951416
24.14593505859375
23.748382568359375
23.73859405517578
23.70686912536621
24.54193878173828
23.402151107788086
23.469148635864258
25.380550384521484
22.980947494506836
23.195987701416016
23.74183464050293
24.466476440429688
23.670045852661133
27.408931732177734
25.006881713867188
24.936960220336914
24.266557693481445
24.45728302001953
27.56779670715332
24.828800201416016
24.598613739013672
24.784942626953125
24.814491271972656
25.51573371887207
24.72779655456543
24.694061279296875
23.806777954101563
25.20423126220703
24.239336013793945
23.210954666137695
24.29337501525879
23.809329986572266
25.116188049316406
25.031597137451172
24.432039260864258
24.08681869506836
25.493783950805664
24.579469680786133
24.568742752075195
23.38395118713379
24.396635055541992
25.290552139282227
23.999910354614258
25.74920082092285
23.727182388305664
25.280790328979492
23.839365005493164
23.039705276489258
24.475984573364258
25.514482498168945
25.179597854614258
23.47910499572754
24.55219268798828
23.527973175048828
25.889169692993164
23.889347076416016
23.645122528076172
23.46133804321289
23.763858795166016
23.654123306274414
23.401460647583008
23.721309661865234
24.09468650817871
26.039548873901367
23.088430404663086
26.925329208374023
23.591676712036133
23.773460388183594
25.410001754760742
23.473590850830078
24.416353225708008
23.667455673217773
24.216670989990234
24.072154998779297
24.77460479736328
24.0827579498291
24.02812385559082
25.099782943725586
24.819900512695313
23.728450775146484
24.49365997314453
23.237464904785156
25.04132652282715
22.99428367614746
23.952091217041016
24.306175231933594
24.269582748413086
25.015701293945313
25.06903076171875
23.278640747070313
23.567180633544922
23.402450561523438
25.156347274780273
24.66434097290039
24.857006072998047
25.533937454223633
26.698081970214844
25.03905487060547
24.498815536499023
25.766965866088867
24.475292205810547
23.388301849365234
24.928821563720703
24.51236915588379
23.247516632080078
24.0091495513916
23.874216079711914
24.83980941772461
23.123306274414063
26.14198875427246
24.30275535583496
25.83372688293457
23.976472854614258
24.4052791595459
23.733985900878906
24.478271484375
24.795482635498047
23.35856056213379
23.622058868408203
23.43194007873535
24.785531997680664
24.336463928222656
24.17122459411621
23.73310661315918
24.740571975708008
23.320877075195313
23.608718872070313
23.84893798828125
23.195314407348633
23.818336486816406
23.987342834472656
23.818605422973633
24.6263484954834
24.95464515686035
24.058719635009766
24.367103576660156
25.286376953125
24.171049118041992
23.54220962524414
23.643571853637695
24.587644577026367
23.632976531982422
24.924081802368164
24.109468460083008
23.490873336791992
23.8245792388916
24.427806854248047
23.383970260620117
24.34004020690918
23.93208122253418
24.421039581298828
24.714893341064453
24.08185386657715
24.004724502563477
25.121606826782227
24.11642074584961
23.80086898803711
25.852678298950195
24.287853240966797
25.10222625732422
24.45830726623535
23.718576431274414
24.506834030151367
24.492673873901367
25.382095336914063
24.286060333251953
24.952075958251953
23.840023040771484
24.298870086669922
24.79432487487793
23.191801071166992
23.9914608001709
25.003267288208008
23.447357177734375
23.974992752075195
23.71120834350586
23.64985466003418
24.989585876464844
24.6162109375
23.88405418395996
25.326658248901367
23.350605010986328
25.480239868164063
25.130836486816406
24.506473541259766
25.02083396911621
25.864336013793945
26.069744110107422
23.545740127563477
24.404298782348633
23.958200454711914
23.156038284301758
24.924297332763672
25.117263793945313
25.058826446533203
23.42803382873535
24.203683853149414
25.681438446044922
24.786869049072266
23.769084930419922
24.841617584228516
24.813343048095703
25.199663162231445
23.859224319458008
24.15616226196289
24.447486877441406
24.969234466552734
24.32590675354004
24.277591705322266
24.68584442138672
24.582860946655273
24.693117141723633
23.56290626525879
23.643112182617188
23.79313087463379
24.050758361816406
24.57577896118164
24.933048248291016
24.812532424926758
23.634042739868164
23.905075073242188
23.88103675842285
23.568588256835938
25.646665573120117
25.136917114257813
26.450084686279297
23.399152755737305
24.017108917236328
24.089176177978516
26.123380661010742
24.45135498046875
23.993602752685547
24.10563850402832
23.215206146240234
25.11549949645996
24.9212646484375
23.284265518188477
23.96536636352539
24.87274932861328
24.694660186767578
25.65849494934082
24.294193267822266
25.188867568969727
24.71988868713379
24.357229232788086
24.55512046813965
23.401159286499023
26.197093963623047
24.726652145385742
25.205698013305664
25.006275177001953
23.250638961791992
24.504262924194336
24.044870376586914
25.59128761291504
25.90071678161621
24.176267623901367
25.668479919433594
26.018367767333984
26.08011245727539
23.97903823852539
23.967540740966797
23.938953399658203
24.25857162475586
26.68350601196289
24.553390502929688
26.12445068359375
23.198705673217773
24.79281997680664
23.6812744140625
24.438695907592773
23.984224319458008
26.663972854614258
24.69449234008789
23.515308380126953
26.815771102905273
24.39382553100586
23.70702362060547
25.51626205444336
24.39621925354004
25.978343963623047
23.842397689819336
24.023317337036133
23.67529296875
23.8992862701416
24.580591201782227
24.828182220458984
24.181045532226563
24.623855590820313
24.613948822021484
25.074581146240234
24.86850929260254
23.76219940185547
24.713224411010742
23.886167526245117
25.326461791992188
24.186908721923828
24.24482536315918
24.78823471069336
23.579750061035156
24.750015258789063
24.253007888793945
24.647613525390625
24.45704460144043
23.633922576904297
24.91682243347168
25.480297088623047
24.568933486938477
24.133745193481445
23.707630157470703
23.950700759887695
24.38998031616211
23.714521408081055
24.526763916015625
23.429983139038086
24.589040756225586
24.86797332763672
25.544767379760742
24.56660270690918
25.086532592773438
23.827892303466797
25.055187225341797
24.036684036254883
23.97130584716797
25.535259246826172
23.4405574798584
24.17237663269043
24.574474334716797
24.45673179626465
24.539661407470703
24.23985481262207
25.91987419128418
23.3673095703125
24.773860931396484
23.196317672729492
24.520843505859375
24.556116104125977
24.509098052978516
25.34612274169922
25.265460968017578
25.1190185546875
24.130002975463867
23.610515594482422
24.277339935302734
24.014850616455078
24.11080551147461
25.410688400268555
24.02095603942871
23.90255355834961
24.48308563232422
24.41935920715332
23.456262588500977
24.453227996826172
23.614086151123047
25.801963806152344
24.613609313964844
23.461511611938477
24.853681564331055
24.307723999023438
25.56650161743164
25.012712478637695
23.20917510986328
24.376571655273438
24.348201751708984
24.605669021606445
24.408180236816406
25.282543182373047
23.473468780517578
24.724267959594727
24.001203536987305
24.180362701416016
23.761476516723633
24.642805099487305
24.048145294189453
23.534170150756836
24.581087112426758
23.404376983642578
24.682191848754883
23.969491958618164
23.60382080078125
25.539705276489258
23.610618591308594
24.96279525756836
24.42062759399414
24.69782829284668
23.678836822509766
25.423507690429688
25.949132919311523
23.751163482666016
24.833192825317383
25.13361930847168
24.467208862304688
22.963804244995117
23.946413040161133
24.2203369140625
23.946186065673828
23.748722076416016
23.698667526245117
25.34203338623047
23.97704315185547
23.604703903198242
23.178176879882813
24.800289154052734
24.222034454345703
23.854806900024414
25.614761352539063
23.135116577148438
23.9752197265625
24.734317779541016
25.15641212463379
24.425317764282227
23.825162887573242
25.228639602661133
24.22779655456543
25.990720748901367
25.24489974975586
23.900590896606445
23.131195068359375
23.49551773071289
23.745311737060547
23.18162727355957
24.687850952148438
24.084915161132813
24.039287567138672
24.768571853637695
23.293798446655273
24.22819709777832
24.537010192871094
23.51024627685547
25.565324783325195
24.63039207458496
25.143329620361328
24.495878219604492
24.776920318603516
25.5325927734375
23.78932762145996
23.494977951049805
26.307632446289063
25.338788986206055
23.765119552612305
23.66025733947754
24.299739837646484
24.451141357421875
23.328155517578125
24.10061264038086
24.387704849243164
23.567331314086914
24.09905433654785
23.50834083557129
23.33624267578125
24.177738189697266
25.356657028198242
23.876558303833008
24.737384796142578
24.17625617980957
24.567228317260742
24.253700256347656
24.816421508789063
23.565155029296875
24.017974853515625
24.653276443481445
24.39440155029297
24.86897087097168
23.304426193237305
23.190589904785156
24.06490707397461
24.06808853149414
24.489303588867188
24.25433921813965
23.61325454711914
24.269134521484375
23.589262008666992
23.340620040893555
24.41070556640625
24.62464141845703
25.698894500732422
25.475990295410156
23.40056610107422
25.56186294555664
23.733667373657227
23.052635192871094
25.205472946166992
24.01169776916504
23.893871307373047
24.192710876464844
25.15536117553711
23.901004791259766
24.872201919555664
24.357059478759766
23.58664321899414
24.454360961914063
22.955211639404297
25.07387924194336
24.85721778869629
24.76773452758789
25.051054000854492
24.118938446044922
23.20264434814453
26.104867935180664
25.443954467773438
23.781923294067383
23.503978729248047
24.951135635375977
24.258207321166992
23.404451370239258
24.302366256713867
23.851062774658203
24.90202522277832
24.438709259033203
23.334983825683594
24.844873428344727
23.818464279174805
24.904661178588867
24.76826286315918
24.505035400390625
24.136075973510742
24.014415740966797
25.000202178955078
24.731887817382813
23.61823081970215
23.332319259643555
23.90265464782715
24.542688369750977
23.666501998901367
24.38549041748047
23.69072914123535
25.17084503173828
25.161407470703125
25.0991268157959
23.858789443969727
24.127544403076172
25.726198196411133
23.341079711914063
23.394577026367188
24.114776611328125
23.425687789916992
25.421119689941406
24.552274703979492
22.93576431274414
23.400362014770508
23.126131057739258
24.688955307006836
24.6115665435791
23.81375503540039
23.781137466430664
25.424541473388672
23.42062759399414
23.736892700195313
24.966175079345703
24.61336898803711
24.82515525817871
23.089296340942383
25.32162094116211
24.704774856567383
26.16204071044922
24.251007080078125
23.98084831237793
24.51209259033203
24.84921646118164
24.950387954711914
23.669218063354492
24.368141174316406
23.700599670410156
25.822580337524414
23.231014251708984
25.820249557495117
23.879501342773438
24.6084041595459
24.705347061157227
24.37689781188965
23.59065055847168
25.468059539794922
24.321069717407227
26.39954376220703
24.843626022338867
26.331012725830078
24.02581214904785
24.89206886291504
23.31842613220215
25.903844833374023
24.83157730102539
24.439237594604492
25.62404441833496
25.04398536682129
25.25914192199707
24.25311279296875
25.61649513244629
23.621667861938477
23.78955078125
27.044586181640625
23.82152557373047
24.603321075439453
24.782920837402344
24.3300724029541
25.460664749145508
25.354007720947266
23.456480026245117
24.934232711791992
25.820575714111328
26.502674102783203
25.743091583251953
26.081968307495117
24.473108291625977
24.526060104370117
24.801904678344727
25.16278648376465
25.512022018432617
23.739761352539063
24.106420516967773
25.647369384765625
24.47012710571289
24.4173583984375
24.025075912475586
23.51512336730957
24.515756607055664
23.43048858642578
24.26938819885254
24.164031982421875
23.69800567626953
23.455808639526367
25.24076271057129
24.47140121459961
24.74553680419922
24.8287296295166
24.59795379638672
23.7839298248291
25.150829315185547
24.7923526763916
24.261137008666992
24.450605392456055
24.284412384033203
24.83258628845215
23.89726448059082
25.569358825683594
23.713768005371094
23.968185424804688
24.95309066772461
23.33538818359375
23.909732818603516
25.550519943237305
25.707918167114258
25.43128204345703
24.829586029052734
24.24626350402832
24.751089096069336
23.743030548095703
24.074438095092773
26.049209594726563
23.3574161529541
23.632783889770508
23.87183380126953
23.675800323486328
24.857791900634766
25.518714904785156
25.096914291381836
23.48140525817871
24.972673416137695
24.002443313598633
24.55217933654785
27.23137855529785
24.80939483642578
24.874500274658203
23.891611099243164
25.22356414794922
24.278005599975586
23.594430923461914
23.829086303710938
23.483993530273438
23.64427375793457
27.98942756652832
23.8436279296875
24.459049224853516
23.878480911254883
27.018199920654297
24.652626037597656
23.145591735839844
25.385908126831055
24.81312370300293
25.304288864135742
23.766605377197266
25.140897750854492
24.773828506469727
25.91214370727539
25.370223999023438
26.463106155395508
24.547290802001953
23.569303512573242
23.50393295288086
23.726104736328125
25.171541213989258
23.895320892333984
23.163799285888672
25.058794021606445
24.1224422454834
25.770954132080078
24.073917388916016
24.822792053222656
24.17133140563965
24.560409545898438
25.130537033081055
22.894332885742188
23.49525260925293
23.975595474243164
24.886343002319336
24.16474723815918
24.00239372253418
23.659143447875977
23.977724075317383
24.14557456970215
24.240306854248047
24.100915908813477
24.582796096801758
23.638399124145508
23.948678970336914
25.25567054748535
23.832176208496094
24.641679763793945
24.172290802001953
24.276521682739258
24.81978416442871
24.731843948364258
23.8663272857666
24.05649185180664
23.53777313232422
23.471328735351563
23.4451847076416
23.659870147705078
23.311416625976563
26.086820602416992
23.720006942749023
24.661266326904297
24.427661895751953
25.54543113708496
25.47774887084961
23.27373695373535
24.66269302368164
24.614032745361328
23.429603576660156
24.036968231201172
24.090213775634766
23.785690307617188
24.02544593811035
23.896602630615234
24.43631362915039
25.29001808166504
26.67390251159668
24.53310775756836
24.081602096557617
24.03749656677246
23.319934844970703
23.568552017211914
25.062267303466797
24.407445907592773
23.448169708251953
25.05672836303711
24.932607650756836
23.884435653686523
23.81678581237793
23.494911193847656
23.326515197753906
23.18716049194336
24.521610260009766
25.01887321472168
24.505285263061523
24.944190979003906
23.95244026184082
25.118013381958008
23.68474578857422
23.868558883666992
23.506961822509766
25.94893455505371
24.8192195892334
23.79546546936035
25.265344619750977
25.690494537353516
24.353675842285156
23.661041259765625
23.49015235900879
25.011594772338867
23.173433303833008
23.978290557861328
23.930286407470703
24.40494155883789
23.681501388549805
24.49711036682129
25.98652458190918
23.930238723754883
24.495708465576172
25.90180206298828
24.158344268798828
25.001256942749023
24.09359359741211
23.989137649536133
23.376150131225586
23.38072395324707
25.60450553894043
24.26385498046875
23.97264862060547
24.857933044433594
24.837881088256836
23.002498626708984
23.406169891357422
25.61233901977539
23.191669464111328
23.774255752563477
24.367483139038086
25.207569122314453
24.21874237060547
24.54007911682129
25.121706008911133
23.590978622436523
24.76656723022461
23.531883239746094
24.24458122253418
24.083192825317383
23.391538619995117
24.331523895263672
24.084041595458984
24.49507713317871
24.017274856567383
23.68353843688965
23.865324020385742
24.055587768554688
24.012346267700195
25.649700164794922
26.06804084777832
24.04581642150879
24.84340476989746
25.052316665649414
24.38834571838379
24.433382034301758
24.17340087890625
24.27496910095215
24.304733276367188
25.0837459564209
24.81339454650879
24.55948257446289
23.708450317382813
23.994510650634766
24.080171585083008
23.87449073791504
24.66410255432129
24.14772605895996
23.77792739868164
24.650365829467773
24.872962951660156
23.36894416809082
23.290864944458008
23.739768981933594
23.94821548461914
24.291675567626953
25.221492767333984
23.821195602416992
25.30443000793457
24.48619842529297
23.056255340576172
24.86069679260254
25.40662384033203
25.690685272216797
23.214326858520508
24.5295352935791
23.79176902770996
23.62973976135254
23.860414505004883
23.85030746459961
24.7567138671875
23.684539794921875
24.432802200317383
27.06676483154297
23.64177131652832
26.703109741210938
24.3841609954834
24.864076614379883
25.174684524536133
25.354347229003906
24.197006225585938
22.837966918945313
23.533721923828125
23.19584083557129
24.98780632019043
24.974905014038086
24.266984939575195
23.7515926361084
23.260099411010742
24.105039596557617
24.205284118652344
23.74781608581543
25.508981704711914
23.563739776611328
25.25226402282715
23.739368438720703
23.24998664855957
24.313779830932617
24.103673934936523
23.57703399658203
25.152462005615234
23.141870498657227
23.677934646606445
23.295053482055664
24.250404357910156
24.160799026489258
26.72743034362793
25.344919204711914
24.085233688354492
26.041593551635742
23.718400955200195
23.438753128051758
23.432165145874023
25.229854583740234
24.54401969909668
24.162771224975586
24.79030990600586
24.421796798706055
24.49860954284668
24.765249252319336
25.444971084594727
25.578874588012695
23.525827407836914
23.2526912689209
24.826684951782227
23.891225814819336
24.161754608154297
24.137920379638672
23.739953994750977
25.040821075439453
24.988122940063477
24.893400192260742
23.13628387451172
25.827707290649414
23.30531883239746
23.735126495361328
24.730960845947266
24.127330780029297
24.597043991088867
23.94539451599121
24.29894256591797
25.06098175048828
23.550125122070313
25.478803634643555
24.014995574951172
25.035114288330078
24.373624801635742
23.171831130981445
25.691417694091797
25.55240821838379
24.444271087646484
23.417682647705078
24.554222106933594
23.731462478637695
25.437910079956055
23.084381103515625
23.803438186645508
23.66922378540039
26.429006576538086
24.341798782348633
24.33231544494629
23.546537399291992
24.65545082092285
23.059001922607422
24.205181121826172
24.511167526245117
23.43773078918457
26.03130531311035
23.68006706237793
24.18712043762207
22.936864852905273
23.937227249145508
24.288972854614258
24.4503116607666
23.269147872924805
24.203752517700195
24.80508041381836
25.67007827758789
24.890050888061523
24.925159454345703
25.58674430847168
24.823396682739258
23.476818084716797
23.723175048828125
23.648962020874023
23.756494522094727
23.639341354370117
24.307661056518555
23.426057815551758
22.790327072143555
23.61808204650879
24.16357421875
24.455827713012695
24.632740020751953
25.885425567626953
26.881629943847656
24.267011642456055
25.050413131713867
24.629440307617188
25.55984878540039
24.038047790527344
25.000694274902344
24.252784729003906
23.704326629638672
23.62686538696289
25.10538673400879
23.582889556884766
24.03730010986328
23.244848251342773
23.944480895996094
24.313539505004883
24.95161247253418
26.31504249572754
24.486473083496094
24.082433700561523
23.801326751708984
23.395530700683594
23.49264144897461
23.470504760742188
25.045183181762695
23.246028900146484
24.548198699951172
23.851560592651367
24.03160858154297
23.88054847717285
24.449819564819336
24.3006534576416
24.99415397644043
23.864042282104492
23.671138763427734
23.240314483642578
26.14630699157715
24.705259323120117
25.78127098083496
25.427173614501953
23.12717056274414
23.66646385192871
24.37232208251953
24.474641799926758
25.17915153503418
24.466812133789063
24.0065860748291
24.0451717376709
23.106775283813477
24.557973861694336
23.83753776550293
24.316654205322266
23.718917846679688
24.731081008911133
25.237911224365234
23.82253074645996
24.875404357910156
25.336700439453125
24.671436309814453
23.8974609375
23.6044979095459
24.29989242553711
23.581470489501953
26.311429977416992
23.81220245361328
25.181886672973633
24.356840133666992
23.787525177001953
23.17094612121582
23.54754066467285
23.331296920776367
23.81092643737793
25.663698196411133
24.19019889831543
25.058801651000977
23.935468673706055
23.630199432373047
23.693851470947266
24.51058006286621
24.319686889648438
25.27440071105957
24.729263305664063
23.810361862182617
24.50136375427246
23.998659133911133
23.780208587646484
24.1488037109375
24.638259887695313
24.7926025390625
23.87949562072754
25.796449661254883
24.34820556640625
23.87618064880371
24.28993797302246
25.389814376831055
24.14794158935547
25.803842544555664
25.35816764831543
24.482938766479492
25.11958885192871
24.294790267944336
23.26401710510254
25.30253791809082
25.326644897460938
23.896255493164063
23.927383422851563
24.77300453186035
24.149106979370117
24.236040115356445
24.302310943603516
25.53892707824707
24.706579208374023
24.824260711669922
26.06827735900879
25.14723777770996
25.60099983215332
25.630125045776367
25.165645599365234
24.05147933959961
25.419187545776367
24.367237091064453
24.418437957763672
23.419607162475586
24.527053833007813
25.57918357849121
24.787826538085938
23.97942352294922
25.847078323364258
24.772994995117188
23.372011184692383
24.72783660888672
24.50904083251953
24.837369918823242
23.735958099365234
24.17159080505371
24.43597984313965
24.6243953704834
24.739604949951172
24.478248596191406
23.416690826416016
23.436798095703125
24.367895126342773
23.80721092224121
23.752450942993164
24.077449798583984
23.08485984802246
24.813457489013672
24.599885940551758
25.838041305541992
25.615924835205078
24.10409164428711
23.72419548034668
24.316513061523438
24.288650512695313
24.84444808959961
23.593923568725586
22.700986862182617
23.682666778564453
24.934526443481445
23.41606330871582
23.40410041809082
25.462745666503906
24.28577995300293
24.23507308959961
24.653671264648438
25.08542251586914
24.205053329467773
24.74298858642578
24.037826538085938
24.09328269958496
24.197011947631836
24.206289291381836
24.306438446044922
24.57254409790039
25.548004150390625
25.232297897338867
25.295799255371094
25.165651321411133
23.518339157104492
23.383255004882813
24.76373291015625
24.10923194885254
23.85946273803711
23.858333587646484
24.177309036254883
24.928485870361328
23.48854637145996
24.59722900390625
23.208276748657227
25.61849021911621
23.71522331237793
23.76577377319336
23.324087142944336
24.55486297607422
24.30950164794922
24.61217498779297
23.38538360595703
23.646825790405273
25.63643455505371
23.2230224609375
24.629802703857422
24.64342498779297
25.089340209960938
26.108728408813477
23.49472999572754
23.171897888183594
25.171295166015625
23.828716278076172
23.857139587402344
24.900917053222656
24.235595703125
24.28765296936035
24.246191024780273
24.099559783935547
23.488601684570313
23.899959564208984
24.2100772857666
25.121217727661133
24.770259857177734
24.816476821899414
23.708492279052734
23.52713966369629
24.620223999023438
25.16501235961914
24.031780242919922
23.548768997192383
23.673768997192383
25.940675735473633
26.05807876586914
23.43451690673828
24.173404693603516
26.007003784179688
23.944307327270508
24.111709594726563
25.326438903808594
23.648698806762695
23.10089683532715
24.23471450805664
24.671289443969727
25.64056968688965
25.814558029174805
23.71528434753418
23.300395965576172
23.81340789794922
24.990198135375977
23.464614868164063
24.31662368774414
25.059017181396484
25.25156593322754
24.397083282470703
23.513328552246094
24.626367568969727
23.352596282958984
24.267045974731445
23.488100051879883
24.059663772583008
23.84092140197754
24.537351608276367
24.42632293701172
24.409088134765625
23.774944305419922
24.306476593017578
24.22010612487793
24.18584632873535
26.204374313354492
24.399486541748047
24.301895141601563
24.69313621520996
24.208574295043945
24.323856353759766
24.73916244506836
23.744873046875
24.261316299438477
24.041173934936523
25.455692291259766
26.94880485534668
24.077075958251953
25.52227020263672
25.530841827392578
23.17741584777832
24.944904327392578
25.79246711730957
23.997190475463867
23.516361236572266
23.729372024536133
23.811065673828125
23.280977249145508
24.233051300048828
23.843435287475586
24.327503204345703
23.905973434448242
26.519107818603516
24.50885772705078
24.629108428955078
23.26423454284668
24.318605422973633
23.163936614990234
24.055288314819336
23.391357421875
24.470186233520508
24.14018440246582
24.161264419555664
25.000329971313477
24.750709533691406
23.640193939208984
24.983787536621094
23.542543411254883
23.016572952270508
26.400136947631836
24.95022201538086
23.75244140625
25.10523796081543
25.091114044189453
23.373003005981445
23.847129821777344
23.598878860473633
23.8237247467041
24.521503448486328
24.671281814575195
22.9218807220459
23.01778221130371
25.399738311767578
24.04127311706543
24.206708908081055
25.220458984375
24.74178695678711
25.317007064819336
23.61136817932129
24.06998634338379
24.246644973754883
24.401243209838867
23.870494842529297
25.759435653686523
24.615169525146484
23.456804275512695
23.9841365814209
24.207050323486328
25.559814453125
24.319129943847656
25.69422149658203
23.818893432617188
24.675493240356445
24.90169334411621
24.904329299926758
23.818862915039063
23.79945945739746
24.793256759643555
25.3581600189209
24.165361404418945
24.730741500854492
23.866609573364258
25.86935806274414
23.667011260986328
24.566680908203125
24.438152313232422
24.228778839111328
24.582359313964844
26.727310180664063
25.028533935546875
24.41361427307129
25.075618743896484
23.730133056640625
23.243167877197266
23.712568283081055
23.515968322753906
23.948993682861328
24.19051742553711
24.539506912231445
23.481008529663086
23.142555236816406
25.351030349731445
24.07804298400879
26.262937545776367
23.06077003479004
24.917102813720703
25.70038414001465
25.934871673583984
24.13344955444336
24.72098159790039
24.257356643676758
24.907325744628906
24.69219398498535
24.076669692993164
24.194812774658203
23.849409103393555
24.13458251953125
24.09688949584961
25.986595153808594
25.89471435546875
24.243946075439453
23.891338348388672
24.297626495361328
24.460704803466797
24.100189208984375
24.485990524291992
24.11563491821289
24.941116333007813
23.919273376464844
23.646699905395508
24.713119506835938
25.726938247680664
24.537296295166016
24.517959594726563
24.653318405151367
23.7157039642334
24.2635440826416
24.528587341308594
24.03154182434082
24.58014678955078
23.316177368164063
24.41667938232422
24.2606143951416
23.433488845825195
23.29815673828125
23.31914710998535
26.204389572143555
24.718727111816406
25.003032684326172
24.846864700317383
24.28907585144043
24.55801773071289
23.706153869628906
25.18410873413086
25.608779907226563
24.51453399658203
24.087289810180664
23.536922454833984
25.65231704711914
23.949739456176758
24.835002899169922
24.54241943359375
23.800073623657227
25.43429946899414
23.8873233795166
24.00767707824707
25.49703598022461
25.80906105041504
23.687456130981445
26.15174674987793
24.545711517333984
25.509870529174805
23.854093551635742
23.048032760620117
24.799516677856445
23.972806930541992
23.83238410949707
23.623153686523438
24.571353912353516
24.578493118286133
23.508052825927734
23.54587173461914
24.2756404876709
25.212080001831055
23.2780704498291
27.008087158203125
24.381359100341797
24.89461326599121
23.27100944519043
24.612661361694336
23.36094093322754
25.081947326660156
23.6413516998291
23.99510955810547
24.34525489807129
25.221853256225586
25.236425399780273
23.18048858642578
25.343820571899414
24.394155502319336
24.90868377685547
23.742740631103516
25.317089080810547
25.197019577026367
26.128896713256836
23.901248931884766
25.133941650390625
24.514972686767578
25.15312957763672
24.014080047607422
23.02645492553711
25.46109962463379
25.477827072143555
24.744646072387695
24.348011016845703
24.935514450073242
24.057748794555664
24.40937614440918
24.737213134765625
23.94447898864746
26.307754516601563
23.107946395874023
24.22431182861328
23.344816207885742
25.156421661376953
23.55476188659668
24.2069091796875
22.618633270263672
24.922443389892578
26.10663414001465
24.546255111694336
24.586454391479492
24.295534133911133
24.718719482421875
23.46758270263672
25.25633430480957
23.924983978271484
24.047456741333008
24.053272247314453
23.999711990356445
24.262887954711914
24.17690658569336
24.39328384399414
24.203746795654297
25.292129516601563
24.06553840637207
23.196468353271484
24.170719146728516
23.44081687927246
23.95469093322754
24.28948211669922
24.1319580078125
24.559297561645508
24.024415969848633
24.654340744018555
23.582683563232422
24.002119064331055
23.24713706970215
23.24772834777832
24.60976219177246
25.321456909179688
24.3420467376709
23.702497482299805
23.655540466308594
23.98341941833496
23.682157516479492
24.651405334472656
23.23021697998047
23.681346893310547
24.376033782958984
24.418373107910156
24.504514694213867
23.370407104492188
24.091014862060547
24.714427947998047
23.081079483032227
25.882652282714844
23.716894149780273
25.7764835357666
23.692657470703125
25.057432174682617
26.174882888793945
25.00197982788086
23.137561798095703
24.65583610534668
23.948511123657227
24.886354446411133
23.65599250793457
23.66272735595703
24.56159210205078
23.163671493530273
23.83010482788086
23.733367919921875
23.26826286315918
23.570993423461914
23.870033264160156
24.013057708740234
25.287931442260742
23.564403533935547
23.94523048400879
23.63663673400879
25.97279167175293
25.197296142578125
23.389345169067383
24.1307315826416
24.15407943725586
23.42530632019043
23.944717407226563
24.50200843811035
23.312318801879883
24.671964645385742
25.362598419189453
23.59860610961914
24.740137100219727
26.121862411499023
23.532119750976563
23.698122024536133
24.886014938354492
24.04355812072754
23.64099884033203
24.768014907836914
25.274864196777344
23.976787567138672
24.327301025390625
24.773347854614258
23.355133056640625
23.275184631347656
23.96504783630371
24.1125545501709
23.85638427734375
23.69054412841797
23.859865188598633
25.73206329345703
24.905202865600586
25.055095672607422
24.968944549560547
24.74795913696289
23.377050399780273
24.05501937866211
24.94478988647461
24.170270919799805
25.846769332885742
24.282779693603516
24.941545486450195
24.463830947875977
24.499282836914063
23.950654983520508
23.36513900756836
25.468421936035156
24.415294647216797
23.474275588989258
24.8419189453125
23.70962142944336
23.670814514160156
25.964191436767578
24.031993865966797
23.550321578979492
23.4350528717041
23.45823097229004
23.88437843322754
25.284212112426758
24.089170455932617
23.501140594482422
25.157745361328125
23.463253021240234
24.867368698120117
25.81046485900879
23.697481155395508
23.799091339111328
23.685274124145508
25.032615661621094
23.927453994750977
25.1325740814209
25.253692626953125
23.928279876708984
25.018293380737305
24.56431007385254
24.268800735473633
24.963428497314453
24.211658477783203
25.645620346069336
24.940515518188477
24.21160316467285
24.719223022460938
24.71639633178711
25.285396575927734
23.8996524810791
24.114057540893555
23.935274124145508
23.77989959716797
24.148334503173828
24.593509674072266
23.956819534301758
24.62493133544922
22.988920211791992
24.93041229248047
24.921279907226563
23.318552017211914
24.27469253540039
24.34075355529785
24.947978973388672
24.176916122436523
24.960283279418945
23.445999145507813
24.445980072021484
24.772197723388672
23.44243621826172
24.81797218322754
23.845046997070313
25.13604164123535
24.038198471069336
26.01030731201172
24.310346603393555
23.57236099243164
25.08672523498535
23.30866241455078
24.294103622436523
26.577836990356445
24.711807250976563
25.36811065673828
23.47342300415039
25.571901321411133
23.498817443847656
25.75792694091797
24.765371322631836
24.17189598083496
24.42818832397461
24.942581176757813
24.351806640625
23.162595748901367
23.677814483642578
24.03355598449707
23.936933517456055
24.486486434936523
24.546005249023438
24.149494171142578
25.564218521118164
23.816713333129883
23.3882999420166
24.637741088867188
24.25526237487793
24.272247314453125
24.46971321105957
25.379905700683594
24.4971981048584
24.191753387451172
24.75687599182129
24.091014862060547
23.515649795532227
24.028982162475586
23.92278289794922
23.4449462890625
24.40428352355957
24.05518913269043
25.531536102294922
23.66455078125
23.002883911132813
23.37907600402832
25.040559768676758
23.310924530029297
23.241365432739258
24.185495376586914
24.966516494750977
26.154647827148438
24.250579833984375
24.47616958618164
24.98036003112793
24.94196319580078
24.50171661376953
26.563243865966797
23.721921920776367
23.734642028808594
24.76994514465332
24.59663200378418
24.466341018676758
23.37047004699707
24.141944885253906
24.423664093017578
23.923797607421875
23.91062355041504
24.51955223083496
24.500612258911133
24.70830535888672
23.8111572265625
24.51055335998535
25.475543975830078
25.398967742919922
25.08967399597168
24.638734817504883
24.240467071533203
24.829668045043945
23.36224937438965
24.911136627197266
24.284957885742188
24.077268600463867
24.24346351623535
23.908342361450195
24.16048240661621
23.91904067993164
24.017433166503906
25.03910255432129
23.952869415283203
24.630403518676758
23.724750518798828
25.712385177612305
23.3121280670166
23.723115921020508
24.962383270263672
24.08873176574707
25.40424919128418
24.629135131835938
24.977333068847656
26.032794952392578
23.822696685791016
24.555339813232422
23.821258544921875
24.013376235961914
23.37727165222168
26.732927322387695
24.543819427490234
23.163421630859375
24.697980880737305
26.312576293945313
24.817522048950195
24.53786277770996
24.546865463256836
23.702171325683594
26.010835647583008
25.5336971282959
23.91669273376465
24.227405548095703
25.4778995513916
24.795568466186523
23.459192276000977
24.30215072631836
25.210830688476563
23.597259521484375
24.46536636352539
24.723833084106445
23.812145233154297
25.37582015991211
23.686763763427734
23.461585998535156
24.013349533081055
23.736034393310547
23.542165756225586
23.75710678100586
24.465301513671875
23.95586585998535
24.04932975769043
23.93084716796875
24.754985809326172
25.05645179748535
23.990169525146484
25.922279357910156
24.718738555908203
24.14932632446289
24.12460708618164
25.400556564331055
23.31007194519043
23.479278564453125
24.017148971557617
23.07753562927246
23.40972328186035
23.482563018798828
23.09894371032715
24.241321563720703
24.248289108276367
24.725757598876953
27.319019317626953
23.25774574279785
23.65952491760254
23.949462890625
23.49693489074707
24.115371704101563
25.110427856445313
24.81334686279297
24.715333938598633
24.10542106628418
23.324466705322266
24.51512908935547
24.349390029907227
23.340211868286133
23.57964515686035
24.057043075561523
24.24880027770996
23.832393646240234
24.92622947692871
23.137531280517578
25.514652252197266
24.031143188476563
23.115530014038086
23.999929428100586
24.700071334838867
24.788227081298828
24.388818740844727
25.011558532714844
25.282438278198242
26.397581100463867
24.166767120361328
24.332324981689453
23.415374755859375
24.667930603027344
25.881263732910156
24.28114128112793
23.540569305419922
24.524982452392578
24.198659896850586
25.33938980102539
23.815204620361328
23.972684860229492
24.59157371520996
23.787790298461914
24.269704818725586
24.524456024169922
23.80303192138672
24.01492691040039
24.928937911987305
23.145450592041016
24.933094024658203
24.756580352783203
25.05840492248535
23.112926483154297
24.76813507080078
24.320911407470703
24.153226852416992
24.67984390258789
24.122257232666016
23.952131271362305
23.46975326538086
24.12138557434082
23.024892807006836
23.762964248657227
23.728715896606445
24.39613151550293
24.399097442626953
25.00545310974121
23.4699649810791
24.16697883605957
23.984203338623047
23.98151397705078
23.19407081604004
23.608821868896484
24.480411529541016
24.231046676635742
23.845787048339844
25.278274536132813
23.75989532470703
24.36203956604004
23.399240493774414
23.70100212097168
24.12131118774414
24.057302474975586
24.96292495727539
23.188234329223633
25.327322006225586
22.833358764648438
25.02487564086914
24.52410316467285
24.006534576416016
23.756357192993164
24.49285888671875
23.7120361328125
23.45745086669922
25.362394332885742
23.821474075317383
23.697277069091797
23.24127769470215
25.37213134765625
